{"timestamp": 4046, "camera_infos": {"CAM_FRONT_LEFT": {"rgb": {"filename": "./data/20240923164419/CAM_FRONT_LEFT/rgb/4046.png"}, "sem": {"filename": "./data/20240923164419/CAM_FRONT_LEFT/sem/4046.png"}, "image_description": "daytime. overcast, wet road. urban parking lot with trees and a building in the background. cars parked along the street, a white truck loaded with wooden pallets, traffic signs, bushes, trees. The image shows a street scene with parked cars, a truck carrying wooden pallets, trees, and a building in the background. There's also a bus stop sign visible on the left side of the photo.", "3dbox": {"filename": "./data/20240923164419/CAM_FRONT_LEFT/3dbox/4046.png"}, "extrin": [[0.5712671996867817, 0.8207581087699858, -0.0031430621165782213, -7.251826144933787], [-0.8207605248326942, 0.5712718323633419, 0.0007763808825984597, -129.92384494859897], [0.0024327636245618347, 0.0021361803466707777, 0.9999947547912598, 2.9446319463360595], [0.0, 0.0, 0.0, 1.0]], "intrin": [[285.6296013484229, 0.0, 200.0], [0.0, 285.6296013484229, 112.5], [0.0, 0.0, 1.0]]}, "CAM_FRONT": {"rgb": {"filename": "./data/20240923164419/CAM_FRONT/rgb/4046.png"}, "sem": {"filename": "./data/20240923164419/CAM_FRONT/sem/4046.png"}, "image_description": "daytime. overcast, wet road. urban parking lot with trees and a building in the background. cars parked along the street, a white truck loaded with wooden pallets, traffic signs, bushes, trees. The image shows a street scene with parked cars, a truck carrying wooden pallets, trees, and a building in the background. There's also a bus stop sign visible on the left side of the photo.", "3dbox": {"filename": "./data/20240923164419/CAM_FRONT/3dbox/4046.png"}, "extrin": [[0.9999678998728206, 0.005684474587902333, 0.0056401207111775875, 0.32040659196150045], [-0.005689142778914608, 0.9999834845932624, 0.000811924459412694, -0.008838983954795765], [-0.0056354121074500265, -0.0008439858709231806, 0.9999837875366211, 1.7223597254230927], [0.0, 0.0, 0.0, 1.0]], "intrin": [[285.6296013484229, 0.0, 200.0], [0.0, 285.6296013484229, 112.5], [0.0, 0.0, 1.0]]}, "CAM_FRONT_RIGHT": {"rgb": {"filename": "./data/20240923164419/CAM_FRONT_RIGHT/rgb/4046.png"}, "sem": {"filename": "./data/20240923164419/CAM_FRONT_RIGHT/sem/4046.png"}, "image_description": "daytime. overcast, wet road. urban parking lot with trees and a building in the background. cars parked along the street, a white truck loaded with wooden pallets, traffic signs, bushes, trees. The image shows a street scene with parked cars, a truck carrying wooden pallets, trees, and a building in the background. There's also a bus stop sign visible on the left side of the photo.", "3dbox": {"filename": "./data/20240923164419/CAM_FRONT_RIGHT/3dbox/4046.png"}, "extrin": [[0.5531736115945621, -0.832929969845366, 0.015050135552883148, -105.79360152933214], [0.8329530835388552, 0.5533057381514352, 0.006461843848228455, 81.17797870883462], [-0.013709590954423749, 0.008961536300381724, 0.9998658299446106, 1.285615522063512], [0.0, 0.0, 0.0, 1.0]], "intrin": [[285.6296013484229, 0.0, 200.0], [0.0, 285.6296013484229, 112.5], [0.0, 0.0, 1.0]]}, "CAM_BACK_RIGHT": {"rgb": {"filename": "./data/20240923164419/CAM_BACK_RIGHT/rgb/4046.png"}, "sem": {"filename": "./data/20240923164419/CAM_BACK_RIGHT/sem/4046.png"}, "image_description": "daytime. overcast, wet road. urban parking lot with trees and a building in the background. cars parked along the street, a white truck loaded with wooden pallets, traffic signs, bushes, trees. The image shows a street scene with parked cars, a truck carrying wooden pallets, trees, and a building in the background. There's also a bus stop sign visible on the left side of the photo.", "3dbox": {"filename": "./data/20240923164419/CAM_BACK_RIGHT/3dbox/4046.png"}, "extrin": [[-0.35521171974893506, -0.934776475306105, 0.004192102700471878, -228.3411279563723], [0.934643035279075, -0.35507548279450946, 0.019072292372584343, 40.297985173809536], [-0.016339816303942815, 0.010692820884343627, 0.9998093247413635, 1.0829951781038547], [0.0, 0.0, 0.0, 1.0]], "intrin": [[285.6296013484229, 0.0, 200.0], [0.0, 285.6296013484229, 112.5], [0.0, 0.0, 1.0]]}, "CAM_BACK": {"rgb": {"filename": "./data/20240923164419/CAM_BACK/rgb/4046.png"}, "sem": {"filename": "./data/20240923164419/CAM_BACK/sem/4046.png"}, "image_description": "daytime. overcast, wet road. urban parking lot with trees and a building in the background. cars parked along the street, a white truck loaded with wooden pallets, traffic signs, bushes, trees. The image shows a street scene with parked cars, a truck carrying wooden pallets, trees, and a building in the background. There's also a bus stop sign visible on the left side of the photo.", "3dbox": {"filename": "./data/20240923164419/CAM_BACK/3dbox/4046.png"}, "extrin": [[-0.9998574636501695, 0.0024226506532715186, 0.016706086695194244, -256.41219825558176], [-0.0023535447620174343, -0.9999885991372187, 0.004154998809099197, -118.82598349311824], [0.01671596241437512, 0.004115088327372731, 0.9998518228530884, 4.9542644050822], [0.0, 0.0, 0.0, 1.0]], "intrin": [[140.04150764194196, 0.0, 200.0], [0.0, 140.04150764194196, 112.5], [0.0, 0.0, 1.0]]}, "CAM_BACK_LEFT": {"rgb": {"filename": "./data/20240923164419/CAM_BACK_LEFT/rgb/4046.png"}, "sem": {"filename": "./data/20240923164419/CAM_BACK_LEFT/sem/4046.png"}, "image_description": "daytime. overcast, wet road. urban parking lot with trees and a building in the background. cars parked along the street, a white truck loaded with wooden pallets, traffic signs, bushes, trees. The image shows a street scene with parked cars, a truck carrying wooden pallets, trees, and a building in the background. There's also a bus stop sign visible on the left side of the photo.", "3dbox": {"filename": "./data/20240923164419/CAM_BACK_LEFT/3dbox/4046.png"}, "extrin": [[-0.3189806694915043, 0.9477601559561903, -0.0014352581929415464, -113.96916011420714], [-0.9476264791279717, -0.31896046874126144, -0.01638195663690567, -199.06218718755582], [-0.015983956523442384, -0.0038654387606996427, 0.9998648166656494, 0.28436036167248835], [0.0, 0.0, 0.0, 1.0]], "intrin": [[285.6296013484229, 0.0, 200.0], [0.0, 285.6296013484229, 112.5], [0.0, 0.0, 1.0]]}}, "ego_pose": [[-0.006868590600788593, -0.999976396560669, 0.0, -128.2843475341797], [0.999976396560669, -0.006868590600788593, -0.0, -58.789974212646484], [0.0, -0.0, 1.0, -0.004958705976605415], [0.0, 0.0, 0.0, 1.0]]}
{"timestamp": 4047, "camera_infos": {"CAM_FRONT_LEFT": {"rgb": {"filename": "./data/20240923164419/CAM_FRONT_LEFT/rgb/4047.png"}, "sem": {"filename": "./data/20240923164419/CAM_FRONT_LEFT/sem/4047.png"}, "image_description": "daytime. overcast, wet road. urban parking lot with trees and a building in the background. cars parked along the street, a white truck loaded with wooden pallets, traffic signs, bushes, trees. The image shows a street scene with parked cars, a truck carrying wooden pallets, trees, and a building in the background. There's also a bus stop sign visible on the left side of the photo.", "3dbox": {"filename": "./data/20240923164419/CAM_FRONT_LEFT/3dbox/4047.png"}, "extrin": [[0.5712671996867817, 0.8207581087699858, -0.0031430621165782213, -7.251826144933787], [-0.8207605248326942, 0.5712718323633419, 0.0007763808825984597, -129.92384494859897], [0.0024327636245618347, 0.0021361803466707777, 0.9999947547912598, 2.9446319463360595], [0.0, 0.0, 0.0, 1.0]], "intrin": [[285.6296013484229, 0.0, 200.0], [0.0, 285.6296013484229, 112.5], [0.0, 0.0, 1.0]]}, "CAM_FRONT": {"rgb": {"filename": "./data/20240923164419/CAM_FRONT/rgb/4047.png"}, "sem": {"filename": "./data/20240923164419/CAM_FRONT/sem/4047.png"}, "image_description": "daytime. overcast, wet road. urban parking lot with trees and a building in the background. cars parked along the street, a white truck loaded with wooden pallets, traffic signs, bushes, trees. The image shows a street scene with parked cars, a truck carrying wooden pallets, trees, and a building in the background. There's also a bus stop sign visible on the left side of the photo.", "3dbox": {"filename": "./data/20240923164419/CAM_FRONT/3dbox/4047.png"}, "extrin": [[0.9999678998728206, 0.005684474587902333, 0.0056401207111775875, 0.32040659196150045], [-0.005689142778914608, 0.9999834845932624, 0.000811924459412694, -0.008838983954795765], [-0.0056354121074500265, -0.0008439858709231806, 0.9999837875366211, 1.7223597254230927], [0.0, 0.0, 0.0, 1.0]], "intrin": [[285.6296013484229, 0.0, 200.0], [0.0, 285.6296013484229, 112.5], [0.0, 0.0, 1.0]]}, "CAM_FRONT_RIGHT": {"rgb": {"filename": "./data/20240923164419/CAM_FRONT_RIGHT/rgb/4047.png"}, "sem": {"filename": "./data/20240923164419/CAM_FRONT_RIGHT/sem/4047.png"}, "image_description": "daytime. overcast, wet road. urban parking lot with trees and a building in the background. cars parked along the street, a white truck loaded with wooden pallets, traffic signs, bushes, trees. The image shows a street scene with parked cars, a truck carrying wooden pallets, trees, and a building in the background. There's also a bus stop sign visible on the left side of the photo.", "3dbox": {"filename": "./data/20240923164419/CAM_FRONT_RIGHT/3dbox/4047.png"}, "extrin": [[0.5531736115945621, -0.832929969845366, 0.015050135552883148, -105.79360152933214], [0.8329530835388552, 0.5533057381514352, 0.006461843848228455, 81.17797870883462], [-0.013709590954423749, 0.008961536300381724, 0.9998658299446106, 1.285615522063512], [0.0, 0.0, 0.0, 1.0]], "intrin": [[285.6296013484229, 0.0, 200.0], [0.0, 285.6296013484229, 112.5], [0.0, 0.0, 1.0]]}, "CAM_BACK_RIGHT": {"rgb": {"filename": "./data/20240923164419/CAM_BACK_RIGHT/rgb/4047.png"}, "sem": {"filename": "./data/20240923164419/CAM_BACK_RIGHT/sem/4047.png"}, "image_description": "daytime. overcast, wet road. urban parking lot with trees and a building in the background. cars parked along the street, a white truck loaded with wooden pallets, traffic signs, bushes, trees. The image shows a street scene with parked cars, a truck carrying wooden pallets, trees, and a building in the background. There's also a bus stop sign visible on the left side of the photo.", "3dbox": {"filename": "./data/20240923164419/CAM_BACK_RIGHT/3dbox/4047.png"}, "extrin": [[-0.35521171974893506, -0.934776475306105, 0.004192102700471878, -228.3411279563723], [0.934643035279075, -0.35507548279450946, 0.019072292372584343, 40.297985173809536], [-0.016339816303942815, 0.010692820884343627, 0.9998093247413635, 1.0829951781038547], [0.0, 0.0, 0.0, 1.0]], "intrin": [[285.6296013484229, 0.0, 200.0], [0.0, 285.6296013484229, 112.5], [0.0, 0.0, 1.0]]}, "CAM_BACK": {"rgb": {"filename": "./data/20240923164419/CAM_BACK/rgb/4047.png"}, "sem": {"filename": "./data/20240923164419/CAM_BACK/sem/4047.png"}, "image_description": "daytime. overcast, wet road. urban parking lot with trees and a building in the background. cars parked along the street, a white truck loaded with wooden pallets, traffic signs, bushes, trees. The image shows a street scene with parked cars, a truck carrying wooden pallets, trees, and a building in the background. There's also a bus stop sign visible on the left side of the photo.", "3dbox": {"filename": "./data/20240923164419/CAM_BACK/3dbox/4047.png"}, "extrin": [[-0.9998574636501695, 0.0024226506532715186, 0.016706086695194244, -256.41219825558176], [-0.0023535447620174343, -0.9999885991372187, 0.004154998809099197, -118.82598349311824], [0.01671596241437512, 0.004115088327372731, 0.9998518228530884, 4.9542644050822], [0.0, 0.0, 0.0, 1.0]], "intrin": [[140.04150764194196, 0.0, 200.0], [0.0, 140.04150764194196, 112.5], [0.0, 0.0, 1.0]]}, "CAM_BACK_LEFT": {"rgb": {"filename": "./data/20240923164419/CAM_BACK_LEFT/rgb/4047.png"}, "sem": {"filename": "./data/20240923164419/CAM_BACK_LEFT/sem/4047.png"}, "image_description": "daytime. overcast, wet road. urban parking lot with trees and a building in the background. cars parked along the street, a white truck loaded with wooden pallets, traffic signs, bushes, trees. The image shows a street scene with parked cars, a truck carrying wooden pallets, trees, and a building in the background. There's also a bus stop sign visible on the left side of the photo.", "3dbox": {"filename": "./data/20240923164419/CAM_BACK_LEFT/3dbox/4047.png"}, "extrin": [[-0.3189806694915043, 0.9477601559561903, -0.0014352581929415464, -113.96916011420714], [-0.9476264791279717, -0.31896046874126144, -0.01638195663690567, -199.06218718755582], [-0.015983956523442384, -0.0038654387606996427, 0.9998648166656494, 0.28436036167248835], [0.0, 0.0, 0.0, 1.0]], "intrin": [[285.6296013484229, 0.0, 200.0], [0.0, 285.6296013484229, 112.5], [0.0, 0.0, 1.0]]}}, "ego_pose": [[-0.006868590600788593, -0.999976396560669, 0.0, -128.2843475341797], [0.999976396560669, -0.006868590600788593, -0.0, -58.789974212646484], [0.0, -0.0, 1.0, -0.004958705976605415], [0.0, 0.0, 0.0, 1.0]]}
{"timestamp": 4048, "camera_infos": {"CAM_FRONT_LEFT": {"rgb": {"filename": "./data/20240923164419/CAM_FRONT_LEFT/rgb/4048.png"}, "sem": {"filename": "./data/20240923164419/CAM_FRONT_LEFT/sem/4048.png"}, "image_description": "daytime. overcast, wet road. urban parking lot with trees and a building in the background. cars parked along the street, a white truck loaded with wooden pallets, traffic signs, bushes, trees. The image shows a street scene with parked cars, a truck carrying wooden pallets, trees, and a building in the background. There's also a bus stop sign visible on the left side of the photo.", "3dbox": {"filename": "./data/20240923164419/CAM_FRONT_LEFT/3dbox/4048.png"}, "extrin": [[0.5712671996867817, 0.8207581087699858, -0.0031430621165782213, -7.251825804662346], [-0.8207605248326942, 0.5712718323633419, 0.0007763808825984597, -129.92384503265083], [0.0024327636245618347, 0.0021361803466707777, 0.9999947547912598, 2.944631927811799], [0.0, 0.0, 0.0, 1.0]], "intrin": [[285.6296013484229, 0.0, 200.0], [0.0, 285.6296013484229, 112.5], [0.0, 0.0, 1.0]]}, "CAM_FRONT": {"rgb": {"filename": "./data/20240923164419/CAM_FRONT/rgb/4048.png"}, "sem": {"filename": "./data/20240923164419/CAM_FRONT/sem/4048.png"}, "image_description": "daytime. overcast, wet road. urban parking lot with trees and a building in the background. cars parked along the street, a white truck loaded with wooden pallets, traffic signs, bushes, trees. The image shows a street scene with parked cars, a truck carrying wooden pallets, trees, and a building in the background. There's also a bus stop sign visible on the left side of the photo.", "3dbox": {"filename": "./data/20240923164419/CAM_FRONT/3dbox/4048.png"}, "extrin": [[0.9999678998728206, 0.005684474587902333, 0.0056401207111775875, 0.320405981355691], [-0.005689142778914608, 0.9999834845932624, 0.000811924459412694, -0.008839071854652047], [-0.0056354121074500265, -0.0008439858709231806, 0.9999837875366211, 1.7223594696675804], [0.0, 0.0, 0.0, 1.0]], "intrin": [[285.6296013484229, 0.0, 200.0], [0.0, 285.6296013484229, 112.5], [0.0, 0.0, 1.0]]}, "CAM_FRONT_RIGHT": {"rgb": {"filename": "./data/20240923164419/CAM_FRONT_RIGHT/rgb/4048.png"}, "sem": {"filename": "./data/20240923164419/CAM_FRONT_RIGHT/sem/4048.png"}, "image_description": "daytime. overcast, wet road. urban parking lot with trees and a building in the background. cars parked along the street, a white truck loaded with wooden pallets, traffic signs, bushes, trees. The image shows a street scene with parked cars, a truck carrying wooden pallets, trees, and a building in the background. There's also a bus stop sign visible on the left side of the photo.", "3dbox": {"filename": "./data/20240923164419/CAM_FRONT_RIGHT/3dbox/4048.png"}, "extrin": [[0.5531736115945621, -0.832929969845366, 0.015050135552883148, -105.79360315867677], [0.8329530835388552, 0.5533057381514352, 0.006461843848228455, 81.17797800926812], [-0.013709590954423749, 0.008961536300381724, 0.9998658299446106, 1.2856155174968007], [0.0, 0.0, 0.0, 1.0]], "intrin": [[285.6296013484229, 0.0, 200.0], [0.0, 285.6296013484229, 112.5], [0.0, 0.0, 1.0]]}, "CAM_BACK_RIGHT": {"rgb": {"filename": "./data/20240923164419/CAM_BACK_RIGHT/rgb/4048.png"}, "sem": {"filename": "./data/20240923164419/CAM_BACK_RIGHT/sem/4048.png"}, "image_description": "daytime. overcast, wet road. urban parking lot with trees and a building in the background. cars parked along the street, a white truck loaded with wooden pallets, traffic signs, bushes, trees. The image shows a street scene with parked cars, a truck carrying wooden pallets, trees, and a building in the background. There's also a bus stop sign visible on the left side of the photo.", "3dbox": {"filename": "./data/20240923164419/CAM_BACK_RIGHT/3dbox/4048.png"}, "extrin": [[-0.35521171974893506, -0.934776475306105, 0.004192102700471878, -228.34112841021405], [0.934643035279075, -0.35507548279450946, 0.019072292372584343, 40.29798310902166], [-0.016339816303942815, 0.010692820884343627, 0.9998093247413635, 1.0829951796544603], [0.0, 0.0, 0.0, 1.0]], "intrin": [[285.6296013484229, 0.0, 200.0], [0.0, 285.6296013484229, 112.5], [0.0, 0.0, 1.0]]}, "CAM_BACK": {"rgb": {"filename": "./data/20240923164419/CAM_BACK/rgb/4048.png"}, "sem": {"filename": "./data/20240923164419/CAM_BACK/sem/4048.png"}, "image_description": "daytime. overcast, wet road. urban parking lot with trees and a building in the background. cars parked along the street, a white truck loaded with wooden pallets, traffic signs, bushes, trees. The image shows a street scene with parked cars, a truck carrying wooden pallets, trees, and a building in the background. There's also a bus stop sign visible on the left side of the photo.", "3dbox": {"filename": "./data/20240923164419/CAM_BACK/3dbox/4048.png"}, "extrin": [[-0.9998574636501695, 0.0024226506532715186, 0.016706086695194244, -256.41220006420156], [-0.0023535447620174343, -0.9999885991372187, 0.004154998809099197, -118.8259839429431], [0.01671596241437512, 0.004115088327372731, 0.9998518228530884, 4.954264402031912], [0.0, 0.0, 0.0, 1.0]], "intrin": [[140.04150764194196, 0.0, 200.0], [0.0, 140.04150764194196, 112.5], [0.0, 0.0, 1.0]]}, "CAM_BACK_LEFT": {"rgb": {"filename": "./data/20240923164419/CAM_BACK_LEFT/rgb/4048.png"}, "sem": {"filename": "./data/20240923164419/CAM_BACK_LEFT/sem/4048.png"}, "image_description": "daytime. overcast, wet road. urban parking lot with trees and a building in the background. cars parked along the street, a white truck loaded with wooden pallets, traffic signs, bushes, trees. The image shows a street scene with parked cars, a truck carrying wooden pallets, trees, and a building in the background. There's also a bus stop sign visible on the left side of the photo.", "3dbox": {"filename": "./data/20240923164419/CAM_BACK_LEFT/3dbox/4048.png"}, "extrin": [[-0.3189806694915043, 0.9477601559561903, -0.0014352581929415464, -113.96915995882446], [-0.9476264791279717, -0.31896046874126144, -0.01638195663690567, -199.06218541402674], [-0.015983956523442384, -0.0038654387606996427, 0.9998648166656494, 0.2843603572154758], [0.0, 0.0, 0.0, 1.0]], "intrin": [[285.6296013484229, 0.0, 200.0], [0.0, 285.6296013484229, 112.5], [0.0, 0.0, 1.0]]}}, "ego_pose": [[-0.006868590600788593, -0.999976396560669, 0.0, -128.2843475341797], [0.999976396560669, -0.006868590600788593, -0.0, -58.789974212646484], [0.0, -0.0, 1.0, -0.004850444849580526], [0.0, 0.0, 0.0, 1.0]]}
{"timestamp": 4049, "camera_infos": {"CAM_FRONT_LEFT": {"rgb": {"filename": "./data/20240923164419/CAM_FRONT_LEFT/rgb/4049.png"}, "sem": {"filename": "./data/20240923164419/CAM_FRONT_LEFT/sem/4049.png"}, "image_description": "daytime. overcast, wet road. urban parking lot with trees and a building in the background. cars parked along the street, a white truck loaded with wooden pallets, traffic signs, bushes, trees. The image shows a street scene with parked cars, a truck carrying wooden pallets, trees, and a building in the background. There's also a bus stop sign visible on the left side of the photo.", "3dbox": {"filename": "./data/20240923164419/CAM_FRONT_LEFT/3dbox/4049.png"}, "extrin": [[0.5712671980186026, 0.8207626567924067, -0.001539655501921088, -7.273387218981981], [-0.8207637226229302, 0.5712677717101257, -4.8828332586645616e-05, -129.91803911395374], [0.0008394790874694799, 0.0012915871604565767, 0.99999878853369, 2.691665109484891], [0.0, 0.0, 0.0, 1.0]], "intrin": [[285.6296013484229, 0.0, 200.0], [0.0, 285.6296013484229, 112.5], [0.0, 0.0, 1.0]]}, "CAM_FRONT": {"rgb": {"filename": "./data/20240923164419/CAM_FRONT/rgb/4049.png"}, "sem": {"filename": "./data/20240923164419/CAM_FRONT/sem/4049.png"}, "image_description": "daytime. overcast, wet road. urban parking lot with trees and a building in the background. cars parked along the street, a white truck loaded with wooden pallets, traffic signs, bushes, trees. The image shows a street scene with parked cars, a truck carrying wooden pallets, trees, and a building in the background. There's also a bus stop sign visible on the left side of the photo.", "3dbox": {"filename": "./data/20240923164419/CAM_FRONT/3dbox/4049.png"}, "extrin": [[0.9999679136206185, 0.0056737073000436835, 0.005651295603343292, 0.319745235721939], [-0.005678380754380142, 0.9999835166587737, 0.0008112854573633325, -0.012315716717836267], [-0.005646599636973827, -0.0008433496056613097, 0.9999836770844874, 1.7223846945936052], [0.0, 0.0, 0.0, 1.0]], "intrin": [[285.6296013484229, 0.0, 200.0], [0.0, 285.6296013484229, 112.5], [0.0, 0.0, 1.0]]}, "CAM_FRONT_RIGHT": {"rgb": {"filename": "./data/20240923164419/CAM_FRONT_RIGHT/rgb/4049.png"}, "sem": {"filename": "./data/20240923164419/CAM_FRONT_RIGHT/sem/4049.png"}, "image_description": "daytime. overcast, wet road. urban parking lot with trees and a building in the background. cars parked along the street, a white truck loaded with wooden pallets, traffic signs, bushes, trees. The image shows a street scene with parked cars, a truck carrying wooden pallets, trees, and a building in the background. There's also a bus stop sign visible on the left side of the photo.", "3dbox": {"filename": "./data/20240923164419/CAM_FRONT_RIGHT/3dbox/4049.png"}, "extrin": [[0.5531734320646665, -0.83295782006346, 0.013433844827807377, -105.77306296282313], [0.8329784888061503, 0.5532771329955437, 0.0055806462022125036, 81.1866334430766], [-0.012081081562000733, 0.008103039523037186, 0.9998941821948608, 1.4449660217868505], [0.0, 0.0, 0.0, 1.0]], "intrin": [[285.6296013484229, 0.0, 200.0], [0.0, 285.6296013484229, 112.5], [0.0, 0.0, 1.0]]}, "CAM_BACK_RIGHT": {"rgb": {"filename": "./data/20240923164419/CAM_BACK_RIGHT/rgb/4049.png"}, "sem": {"filename": "./data/20240923164419/CAM_BACK_RIGHT/sem/4049.png"}, "image_description": "daytime. overcast, wet road. urban parking lot with trees and a building in the background. cars parked along the street, a white truck loaded with wooden pallets, traffic signs, bushes, trees. The image shows a street scene with parked cars, a truck carrying wooden pallets, trees, and a building in the background. There's also a bus stop sign visible on the left side of the photo.", "3dbox": {"filename": "./data/20240923164419/CAM_BACK_RIGHT/3dbox/4049.png"}, "extrin": [[-0.3552120164955491, -0.9347826547569082, 0.0023897957653789214, -228.31686220325878], [0.9346731864350123, -0.35512843377445547, 0.016422483179630902, 40.329966000727964], [-0.014502769312428134, 0.00806714191951885, 0.9998622510716325, 1.164190644807391], [0.0, 0.0, 0.0, 1.0]], "intrin": [[285.6296013484229, 0.0, 200.0], [0.0, 285.6296013484229, 112.5], [0.0, 0.0, 1.0]]}, "CAM_BACK": {"rgb": {"filename": "./data/20240923164419/CAM_BACK/rgb/4049.png"}, "sem": {"filename": "./data/20240923164419/CAM_BACK/sem/4049.png"}, "image_description": "daytime. overcast, wet road. urban parking lot with trees and a building in the background. cars parked along the street, a white truck loaded with wooden pallets, traffic signs, bushes, trees. The image shows a street scene with parked cars, a truck carrying wooden pallets, trees, and a building in the background. There's also a bus stop sign visible on the left side of the photo.", "3dbox": {"filename": "./data/20240923164419/CAM_BACK/3dbox/4049.png"}, "extrin": [[-0.9998570926001462, 0.002390354061702706, 0.016733928853107444, -256.4145941646722], [-0.0023863710771818395, -0.9999971131483103, 0.0002579610705518991, -118.78243717230399], [0.016734497372880634, 0.0002179909145251296, 0.9998599638164517, 4.725684359371256], [0.0, 0.0, 0.0, 1.0]], "intrin": [[140.04150764194196, 0.0, 200.0], [0.0, 140.04150764194196, 112.5], [0.0, 0.0, 1.0]]}, "CAM_BACK_LEFT": {"rgb": {"filename": "./data/20240923164419/CAM_BACK_LEFT/rgb/4049.png"}, "sem": {"filename": "./data/20240923164419/CAM_BACK_LEFT/sem/4049.png"}, "image_description": "daytime. overcast, wet road. urban parking lot with trees and a building in the background. cars parked along the street, a white truck loaded with wooden pallets, traffic signs, bushes, trees. The image shows a street scene with parked cars, a truck carrying wooden pallets, trees, and a building in the background. There's also a bus stop sign visible on the left side of the photo.", "3dbox": {"filename": "./data/20240923164419/CAM_BACK_LEFT/3dbox/4049.png"}, "extrin": [[-0.3189807958729254, 0.9477610053307624, 0.0004231272140485735, -113.99458795463877], [-0.9475936635259582, -0.3189159874136388, -0.01893938901949558, -199.02533910789333], [-0.01781507241458015, -0.006442253857587418, 0.9998205012338716, -0.10177712048856158], [0.0, 0.0, 0.0, 1.0]], "intrin": [[285.6296013484229, 0.0, 200.0], [0.0, 285.6296013484229, 112.5], [0.0, 0.0, 1.0]]}}, "ego_pose": [[-0.006726840976625681, -0.9999773502349854, 1.1286392691545188e-05, -128.28453063964844], [0.9999754428863525, -0.006726850289851427, -0.0019474888686090708, -58.76333236694336], [0.0019475207664072514, -1.8143326769859414e-06, 0.9999980926513672, -0.005222034174948931], [0.0, 0.0, 0.0, 1.0]]}
{"timestamp": 4050, "camera_infos": {"CAM_FRONT_LEFT": {"rgb": {"filename": "./data/20240923164419/CAM_FRONT_LEFT/rgb/4050.png"}, "sem": {"filename": "./data/20240923164419/CAM_FRONT_LEFT/sem/4050.png"}, "image_description": "daytime. overcast, wet road. urban parking lot with trees and a building in the background. cars parked along the street, a white truck loaded with wooden pallets, traffic signs, bushes, trees. The image shows a street scene with parked cars, a truck carrying wooden pallets, trees, and a building in the background. There's also a bus stop sign visible on the left side of the photo.", "3dbox": {"filename": "./data/20240923164419/CAM_FRONT_LEFT/3dbox/4050.png"}, "extrin": [[0.5712672081877158, 0.8207637593328305, 0.0007658712929956568, -7.345247076162991], [-0.820762767712768, 0.5712677443392784, -0.001242137702455473, -129.8875801224918], [-0.0014570193481464446, 8.099375980742847e-05, 0.9999989110220336, 2.3274991418295645], [0.0, 0.0, 0.0, 1.0]], "intrin": [[285.6296013484229, 0.0, 200.0], [0.0, 285.6296013484229, 112.5], [0.0, 0.0, 1.0]]}, "CAM_FRONT": {"rgb": {"filename": "./data/20240923164419/CAM_FRONT/rgb/4050.png"}, "sem": {"filename": "./data/20240923164419/CAM_FRONT/sem/4050.png"}, "image_description": "daytime. overcast, wet road. urban parking lot with trees and a building in the background. cars parked along the street, a white truck loaded with wooden pallets, traffic signs, bushes, trees. The image shows a street scene with parked cars, a truck carrying wooden pallets, trees, and a building in the background. There's also a bus stop sign visible on the left side of the photo.", "3dbox": {"filename": "./data/20240923164419/CAM_FRONT/3dbox/4050.png"}, "extrin": [[0.9999679013632526, 0.005657555845947113, 0.005667818144842909, 0.3188851907358412], [-0.005662218017986708, 0.9999836297732461, 0.0008069004817166849, -0.01723356528369635], [-0.00566316059881482, -0.0008389667010127088, 0.9999835933094309, 1.722587765340835], [0.0, 0.0, 0.0, 1.0]], "intrin": [[285.6296013484229, 0.0, 200.0], [0.0, 285.6296013484229, 112.5], [0.0, 0.0, 1.0]]}, "CAM_FRONT_RIGHT": {"rgb": {"filename": "./data/20240923164419/CAM_FRONT_RIGHT/rgb/4050.png"}, "sem": {"filename": "./data/20240923164419/CAM_FRONT_RIGHT/sem/4050.png"}, "image_description": "daytime. overcast, wet road. urban parking lot with trees and a building in the background. cars parked along the street, a white truck loaded with wooden pallets, traffic signs, bushes, trees. The image shows a street scene with parked cars, a truck carrying wooden pallets, trees, and a building in the background. There's also a bus stop sign visible on the left side of the photo.", "3dbox": {"filename": "./data/20240923164419/CAM_FRONT_RIGHT/3dbox/4050.png"}, "extrin": [[0.5531734861298732, -0.8329920267050774, 0.011106765849177386, -105.70181918977777], [0.8330091763701086, 0.5532424204565968, 0.004309693576690282, 81.22095660278455], [-0.00973467358473999, 0.006868028893972346, 0.9999290368602297, 1.6743986507942648], [0.0, 0.0, 0.0, 1.0]], "intrin": [[285.6296013484229, 0.0, 200.0], [0.0, 285.6296013484229, 112.5], [0.0, 0.0, 1.0]]}, "CAM_BACK_RIGHT": {"rgb": {"filename": "./data/20240923164419/CAM_BACK_RIGHT/rgb/4050.png"}, "sem": {"filename": "./data/20240923164419/CAM_BACK_RIGHT/sem/4050.png"}, "image_description": "daytime. overcast, wet road. urban parking lot with trees and a building in the background. cars parked along the street, a white truck loaded with wooden pallets, traffic signs, bushes, trees. The image shows a street scene with parked cars, a truck carrying wooden pallets, trees, and a building in the background. There's also a bus stop sign visible on the left side of the photo.", "3dbox": {"filename": "./data/20240923164419/CAM_BACK_RIGHT/3dbox/4050.png"}, "extrin": [[-0.35521199372486145, -0.9347857860129464, -0.00020589565700492723, -228.23599617543408], [0.9347104826076392, -0.3551861995379675, 0.012612009828672513, 40.4435448523308], [-0.011862658506072536, 0.004287484015936644, 0.9999204516363764, 1.2805311243554165], [0.0, 0.0, 0.0, 1.0]], "intrin": [[285.6296013484229, 0.0, 200.0], [0.0, 285.6296013484229, 112.5], [0.0, 0.0, 1.0]]}, "CAM_BACK": {"rgb": {"filename": "./data/20240923164419/CAM_BACK/rgb/4050.png"}, "sem": {"filename": "./data/20240923164419/CAM_BACK/sem/4050.png"}, "image_description": "daytime. overcast, wet road. urban parking lot with trees and a building in the background. cars parked along the street, a white truck loaded with wooden pallets, traffic signs, bushes, trees. The image shows a street scene with parked cars, a truck carrying wooden pallets, trees, and a building in the background. There's also a bus stop sign visible on the left side of the photo.", "3dbox": {"filename": "./data/20240923164419/CAM_BACK/3dbox/4050.png"}, "extrin": [[-0.9998567938550528, 0.0023429334816295923, 0.016759588365701614, -256.41986210103175], [-0.002433122652558452, -0.999982663785623, -0.005362945093338415, -118.61922247334948], [0.01674673212000952, -0.005402955618997819, 0.9998451870569799, 4.394762336427922], [0.0, 0.0, 0.0, 1.0]], "intrin": [[140.04150764194196, 0.0, 200.0], [0.0, 140.04150764194196, 112.5], [0.0, 0.0, 1.0]]}, "CAM_BACK_LEFT": {"rgb": {"filename": "./data/20240923164419/CAM_BACK_LEFT/rgb/4050.png"}, "sem": {"filename": "./data/20240923164419/CAM_BACK_LEFT/sem/4050.png"}, "image_description": "daytime. overcast, wet road. urban parking lot with trees and a building in the background. cars parked along the street, a white truck loaded with wooden pallets, traffic signs, bushes, trees. The image shows a street scene with parked cars, a truck carrying wooden pallets, trees, and a building in the background. There's also a bus stop sign visible on the left side of the photo.", "3dbox": {"filename": "./data/20240923164419/CAM_BACK_LEFT/3dbox/4050.png"}, "extrin": [[-0.3189808647831736, 0.947756235776801, 0.003078328710641502, -114.0790712892075], [-0.9475401958746966, -0.31883472317398137, -0.02262852149899873, -198.90550695007346], [-0.020464843311250352, -0.010134906044286764, 0.9997392529827235, -0.6577128499418663], [0.0, 0.0, 0.0, 1.0]], "intrin": [[285.6296013484229, 0.0, 200.0], [0.0, 285.6296013484229, 112.5], [0.0, 0.0, 1.0]]}}, "ego_pose": [[-0.005941809620708227, -0.9999823570251465, 1.917092959047295e-05, -128.28533935546875], [0.9999710917472839, -0.005941833835095167, -0.004751634784042835, -58.675540924072266], [0.004751664586365223, -9.062932804226875e-06, 0.9999887347221375, -0.005782184656709433], [0.0, 0.0, 0.0, 1.0]]}
{"timestamp": 4051, "camera_infos": {"CAM_FRONT_LEFT": {"rgb": {"filename": "./data/20240923164419/CAM_FRONT_LEFT/rgb/4051.png"}, "sem": {"filename": "./data/20240923164419/CAM_FRONT_LEFT/sem/4051.png"}, "image_description": "daytime. overcast, wet road. urban parking lot with trees and a building in the background. cars parked along the street, a white truck loaded with wooden pallets, traffic signs, bushes, trees. The image shows a street scene with parked cars, a truck carrying wooden pallets, trees, and a building in the background. There's also a bus stop sign visible on the left side of the photo.", "3dbox": {"filename": "./data/20240923164419/CAM_FRONT_LEFT/3dbox/4051.png"}, "extrin": [[0.5712670610364217, 0.8207621079453381, 0.001846040974670669, -7.4510987024464725], [-0.8207602769879773, 0.5712698499415111, -0.0018252221829449834, -129.8358108882319], [-0.0025526611441098698, -0.0004724679878359917, 0.9999966316091486, 2.1552604006166067], [0.0, 0.0, 0.0, 1.0]], "intrin": [[285.6296013484229, 0.0, 200.0], [0.0, 285.6296013484229, 112.5], [0.0, 0.0, 1.0]]}, "CAM_FRONT": {"rgb": {"filename": "./data/20240923164419/CAM_FRONT/rgb/4051.png"}, "sem": {"filename": "./data/20240923164419/CAM_FRONT/sem/4051.png"}, "image_description": "daytime. overcast, wet road. urban parking lot with trees and a building in the background. cars parked along the street, a white truck loaded with wooden pallets, traffic signs, bushes, trees. The image shows a street scene with parked cars, a truck carrying wooden pallets, trees, and a building in the background. There's also a bus stop sign visible on the left side of the photo.", "3dbox": {"filename": "./data/20240923164419/CAM_FRONT/3dbox/4051.png"}, "extrin": [[0.9999679685855041, 0.005650241341042575, 0.005675682018185902, 0.3180209957423301], [-0.005654894906260313, 0.9999837310826551, 0.0008042113266890395, -0.019601074456936374], [-0.00567104579059095, -0.0008362809742681757, 0.9999835708860058, 1.72277551934941], [0.0, 0.0, 0.0, 1.0]], "intrin": [[285.6296013484229, 0.0, 200.0], [0.0, 285.6296013484229, 112.5], [0.0, 0.0, 1.0]]}, "CAM_FRONT_RIGHT": {"rgb": {"filename": "./data/20240923164419/CAM_FRONT_RIGHT/rgb/4051.png"}, "sem": {"filename": "./data/20240923164419/CAM_FRONT_RIGHT/sem/4051.png"}, "image_description": "daytime. overcast, wet road. urban parking lot with trees and a building in the background. cars parked along the street, a white truck loaded with wooden pallets, traffic signs, bushes, trees. The image shows a street scene with parked cars, a truck carrying wooden pallets, trees, and a building in the background. There's also a bus stop sign visible on the left side of the photo.", "3dbox": {"filename": "./data/20240923164419/CAM_FRONT_RIGHT/3dbox/4051.png"}, "extrin": [[0.5531736849435074, -0.8330059707659433, 0.009996372216505397, -105.59563226533456], [0.8330212063172672, 0.5532285121002797, 0.0037269835982900075, 81.2763089090067], [-0.00863487759818638, 0.006265520733518581, 0.9999430448594048, 1.780084569817614], [0.0, 0.0, 0.0, 1.0]], "intrin": [[285.6296013484229, 0.0, 200.0], [0.0, 285.6296013484229, 112.5], [0.0, 0.0, 1.0]]}, "CAM_BACK_RIGHT": {"rgb": {"filename": "./data/20240923164419/CAM_BACK_RIGHT/rgb/4051.png"}, "sem": {"filename": "./data/20240923164419/CAM_BACK_RIGHT/sem/4051.png"}, "image_description": "daytime. overcast, wet road. urban parking lot with trees and a building in the background. cars parked along the street, a white truck loaded with wooden pallets, traffic signs, bushes, trees. The image shows a street scene with parked cars, a truck carrying wooden pallets, trees, and a building in the background. There's also a bus stop sign visible on the left side of the photo.", "3dbox": {"filename": "./data/20240923164419/CAM_BACK_RIGHT/3dbox/4051.png"}, "extrin": [[-0.35521179823351867, -0.9347847415400149, -0.0014631115011179436, -228.11689074202212], [0.9347252805215784, -0.35520614070823625, 0.010831732622270756, 40.61580855298182], [-0.01064504329183817, 0.002479952199388534, 0.9999402432353633, 1.3304191750602765], [0.0, 0.0, 0.0, 1.0]], "intrin": [[285.6296013484229, 0.0, 200.0], [0.0, 285.6296013484229, 112.5], [0.0, 0.0, 1.0]]}, "CAM_BACK": {"rgb": {"filename": "./data/20240923164419/CAM_BACK/rgb/4051.png"}, "sem": {"filename": "./data/20240923164419/CAM_BACK/sem/4051.png"}, "image_description": "daytime. overcast, wet road. urban parking lot with trees and a building in the background. cars parked along the street, a white truck loaded with wooden pallets, traffic signs, bushes, trees. The image shows a street scene with parked cars, a truck carrying wooden pallets, trees, and a building in the background. There's also a bus stop sign visible on the left side of the photo.", "3dbox": {"filename": "./data/20240923164419/CAM_BACK/3dbox/4051.png"}, "extrin": [[-0.9998574740169239, 0.002320892908036034, 0.01672535485501122, -256.42375638053375], [-0.0024553342763480703, -0.9999648600305062, -0.008022137769312718, -118.36718802149606], [0.016706148619595865, -0.00806206053356675, 0.9998279643622776, 4.233311901650838], [0.0, 0.0, 0.0, 1.0]], "intrin": [[140.04150764194196, 0.0, 200.0], [0.0, 140.04150764194196, 112.5], [0.0, 0.0, 1.0]]}, "CAM_BACK_LEFT": {"rgb": {"filename": "./data/20240923164419/CAM_BACK_LEFT/rgb/4051.png"}, "sem": {"filename": "./data/20240923164419/CAM_BACK_LEFT/sem/4051.png"}, "image_description": "daytime. overcast, wet road. urban parking lot with trees and a building in the background. cars parked along the street, a white truck loaded with wooden pallets, traffic signs, bushes, trees. The image shows a street scene with parked cars, a truck carrying wooden pallets, trees, and a building in the background. There's also a bus stop sign visible on the left side of the photo.", "3dbox": {"filename": "./data/20240923164419/CAM_BACK_LEFT/3dbox/4051.png"}, "extrin": [[-0.31898044003551734, 0.947751570314553, 0.0043015145052542995, -114.20236859121587], [-0.94751174426439, -0.318788990677062, -0.02439459681205982, -198.7335659454586], [-0.02174874147401689, -0.011857133879680922, 0.9996931217701907, -0.9219314596672366], [0.0, 0.0, 0.0, 1.0]], "intrin": [[285.6296013484229, 0.0, 200.0], [0.0, 285.6296013484229, 112.5], [0.0, 0.0, 1.0]]}}, "ego_pose": [[-0.005485211033374071, -0.9999849796295166, -4.412759153638035e-07, -128.2862091064453], [0.9999665021896362, -0.0054851071909070015, -0.006077465135604143, -58.546913146972656], [0.006077371072024107, -3.377743632881902e-05, 0.9999815225601196, -0.006041354965418577], [0.0, 0.0, 0.0, 1.0]]}
